 0 11
 0 61
 0 80
 0 123
 0 124
 0 125
 0 126
 0 127
 0 128
 0 129
 0 130
 0 131
 0 132
 0 133
 0 134
 0 135
 0 136
 0 137
 0 138
 0 139
 0 140
 0 141
 0 142
 0 143
 0 144
 0 145
 0 146
 0 147
 0 148
 0 149
 0 150
 0 151
 0 152
 0 153
 0 154
 0 155
 0 156
 0 157
 0 158
 0 159
 0 160
 0 161
 0 162
 0 163
 0 164
 0 165
 0 166
 0 167
 0 168
 0 169
 0 170
 0 171
 0 172
 0 173
 0 174
 0 175
 0 176
 0 177
 0 178
 0 179
 0 180
 0 181
 0 182
 1 2
 1 4
 1 6
 1 8
 1 9
 1 13
 1 14
 2 4
 2 116
 3 2
 3 4
 3 6
 3 8
 3 9
 3 13
 3 14
 3 116
 4 4
 4 116
 5 2
 5 4
 5 6
 5 8
 5 9
 5 13
 5 14
 5 116
 6 4
 6 116
 7 2
 7 4
 7 6
 7 8
 7 9
 7 13
 7 14
 7 116
 8 4
 8 116
 9 2
 9 4
 9 6
 9 8
 9 9
 9 116
 10 2
 10 4
 10 6
 10 8
 10 9
 11 2
 11 6
 11 8
 11 9
 11 10
 12 1
 12 3
 12 5
 12 6
 12 7
 12 8
 12 10
 12 13
 12 14
 12 15
 12 16
 12 23
 12 24
 12 36
 12 41
 12 78
 13 1
 13 3
 13 5
 13 7
 13 8
 13 10
 13 13
 13 14
 13 16
 13 23
 13 24
 13 41
 13 78
 14 1
 14 2
 14 3
 14 5
 14 7
 14 8
 14 10
 14 13
 14 14
 14 16
 14 23
 14 24
 14 41
 14 78
 15 1
 15 2
 15 3
 15 5
 15 7
 15 8
 15 10
 15 13
 15 14
 15 15
 15 16
 15 23
 15 24
 15 41
 15 78
 16 1
 16 2
 16 3
 16 5
 16 6
 16 7
 16 8
 16 9
 16 10
 16 16
 16 23
 16 24
 16 78
 17 1
 17 2
 17 3
 17 5
 17 7
 17 8
 17 10
 17 13
 17 14
 17 15
 17 16
 17 23
 17 24
 17 36
 17 41
 17 60
 17 77
 18 1
 18 3
 18 5
 18 7
 18 8
 18 10
 18 13
 18 14
 18 15
 18 16
 18 23
 18 24
 18 36
 18 41
 18 60
 18 77
 19 1
 19 2
 19 3
 19 5
 19 6
 19 7
 19 8
 19 9
 19 10
 19 13
 19 14
 19 15
 19 16
 19 23
 19 24
 19 41
 19 60
 19 77
 19 78
 20 1
 20 2
 20 3
 20 5
 20 6
 20 7
 20 8
 20 9
 20 10
 20 13
 20 14
 20 15
 20 16
 20 23
 20 24
 20 41
 20 60
 20 77
 20 78
 21 1
 21 2
 21 3
 21 5
 21 6
 21 7
 21 8
 21 9
 21 10
 21 13
 21 14
 21 15
 21 16
 21 23
 21 24
 21 41
 21 60
 21 77
 21 78
 22 1
 22 2
 22 3
 22 5
 22 6
 22 7
 22 8
 22 9
 22 10
 22 15
 22 60
 22 77
 23 1
 23 2
 23 3
 23 5
 23 7
 23 8
 23 9
 23 10
 23 16
 23 60
 23 77
 24 1
 24 3
 24 5
 24 6
 24 7
 24 8
 24 9
 24 10
 24 16
 24 60
 24 77
 25 1
 25 3
 25 5
 25 7
 25 8
 25 9
 25 10
 26 1
 26 3
 26 5
 26 7
 26 8
 26 9
 26 10
 27 1
 27 3
 27 5
 27 7
 27 8
 27 9
 27 10
 28 1
 28 3
 28 5
 28 7
 28 8
 28 9
 28 10
 29 1
 29 3
 29 5
 29 7
 29 8
 29 9
 29 10
 29 36
 30 1
 30 3
 30 5
 30 7
 30 8
 30 9
 30 10
 30 36
 31 1
 31 3
 31 5
 31 7
 31 8
 31 9
 31 10
 31 36
 32 1
 32 3
 32 5
 32 7
 32 8
 32 9
 32 10
 32 36
 33 1
 33 3
 33 5
 33 7
 33 8
 33 9
 33 10
 33 13
 33 14
 33 15
 33 16
 33 23
 33 24
 33 41
 34 1
 34 3
 34 5
 34 7
 34 8
 34 9
 34 10
 34 13
 34 14
 34 15
 34 16
 34 23
 34 24
 34 41
 35 1
 35 3
 35 5
 35 7
 35 8
 35 9
 35 10
 35 13
 35 14
 35 15
 35 16
 35 23
 35 24
 35 36
 35 41
 36 1
 36 3
 36 5
 36 7
 36 8
 36 9
 36 10
 36 13
 36 14
 36 15
 36 16
 36 23
 36 24
 36 36
 36 41
 37 1
 37 3
 37 5
 37 7
 37 8
 37 9
 37 10
 37 13
 37 14
 37 15
 37 16
 37 23
 37 24
 37 36
 37 41
 38 1
 38 3
 38 5
 38 7
 38 8
 38 9
 38 10
 38 13
 38 14
 38 15
 38 16
 38 23
 38 24
 38 36
 38 41
 39 1
 39 3
 39 5
 39 7
 39 8
 39 9
 39 10
 39 13
 39 14
 39 15
 39 16
 39 23
 39 24
 39 36
 39 41
 40 1
 40 3
 40 5
 40 7
 40 8
 40 9
 40 10
 40 13
 40 14
 40 15
 40 16
 40 23
 40 24
 40 41
 41 1
 41 3
 41 5
 41 7
 41 8
 41 9
 41 10
 41 13
 41 14
 41 15
 41 16
 41 23
 41 24
 41 41
 42 1
 42 7
 42 8
 42 9
 42 10
 42 13
 42 14
 42 15
 42 16
 42 23
 42 24
 42 41
 42 54
 42 55
 42 56
 42 57
 42 64
 42 65
 42 67
 42 71
 42 72
 42 73
 42 74
 42 81
 42 85
 42 86
 42 87
 42 88
 42 89
 42 90
 42 91
 42 101
 42 105
 42 107
 43 1
 43 7
 43 8
 43 9
 43 10
 43 13
 43 14
 43 15
 43 16
 43 23
 43 24
 43 41
 43 54
 43 55
 43 56
 43 57
 43 64
 43 65
 43 67
 43 71
 43 72
 43 73
 43 74
 43 81
 43 85
 43 86
 43 87
 43 88
 43 89
 43 90
 43 91
 43 101
 43 105
 43 107
 44 1
 44 7
 44 9
 44 10
 44 13
 44 14
 44 15
 44 16
 44 23
 44 24
 44 41
 44 54
 44 55
 44 56
 44 57
 44 64
 44 65
 44 67
 44 71
 44 72
 44 73
 44 74
 44 81
 44 85
 44 86
 44 87
 44 88
 44 89
 44 90
 44 91
 44 101
 44 105
 44 107
 45 1
 45 7
 45 9
 45 10
 45 13
 45 14
 45 15
 45 16
 45 23
 45 24
 45 41
 45 54
 45 55
 45 56
 45 57
 45 64
 45 65
 45 67
 45 71
 45 72
 45 73
 45 74
 45 81
 45 85
 45 86
 45 87
 45 88
 45 89
 45 90
 45 91
 45 101
 45 105
 45 107
 46 1
 46 7
 46 9
 46 10
 46 13
 46 14
 46 15
 46 16
 46 23
 46 24
 46 41
 46 54
 46 55
 46 56
 46 57
 46 64
 46 65
 46 67
 46 71
 46 72
 46 73
 46 74
 46 81
 46 85
 46 86
 46 87
 46 88
 46 89
 46 90
 46 91
 46 101
 46 105
 46 107
 47 1
 47 7
 47 9
 47 10
 47 13
 47 14
 47 15
 47 16
 47 23
 47 24
 47 41
 47 54
 47 55
 47 56
 47 57
 47 64
 47 65
 47 67
 47 71
 47 72
 47 73
 47 74
 47 81
 47 85
 47 86
 47 87
 47 88
 47 89
 47 90
 47 91
 47 101
 47 105
 47 107
 48 1
 48 3
 48 7
 48 9
 48 10
 48 13
 48 14
 48 15
 48 16
 48 23
 48 24
 48 41
 48 54
 48 55
 48 56
 48 57
 48 64
 48 65
 48 67
 48 71
 48 72
 48 73
 48 74
 48 81
 48 83
 48 84
 48 85
 48 86
 48 87
 48 88
 48 89
 48 90
 48 91
 48 101
 48 105
 48 107
 49 1
 49 3
 49 7
 49 9
 49 10
 49 13
 49 14
 49 15
 49 16
 49 23
 49 24
 49 41
 49 54
 49 55
 49 56
 49 57
 49 65
 49 67
 49 71
 49 72
 49 73
 49 74
 49 81
 49 85
 49 86
 49 87
 49 88
 49 89
 49 90
 49 91
 49 101
 49 105
 49 107
 50 1
 50 2
 50 7
 50 8
 50 9
 50 10
 50 13
 50 14
 50 15
 50 16
 50 23
 50 24
 50 41
 50 65
 50 67
 50 71
 50 72
 50 73
 50 74
 50 101
 50 105
 50 107
 51 1
 51 2
 51 6
 51 7
 51 8
 51 9
 51 10
 51 13
 51 14
 51 15
 51 16
 51 23
 51 24
 51 41
 51 65
 51 67
 51 71
 51 72
 51 73
 51 74
 51 101
 51 105
 51 107
 52 1
 52 7
 52 8
 52 9
 52 10
 52 13
 52 14
 52 15
 52 16
 52 23
 52 24
 52 41
 52 65
 52 67
 52 71
 52 72
 52 73
 52 74
 52 83
 52 84
 52 101
 52 105
 52 107
 53 1
 53 7
 53 8
 53 9
 53 10
 53 13
 53 14
 53 15
 53 16
 53 23
 53 24
 53 41
 53 65
 53 67
 53 71
 53 72
 53 73
 53 74
 53 83
 53 84
 53 101
 53 105
 53 107
 54 1
 54 7
 54 8
 54 9
 54 10
 54 13
 54 14
 54 15
 54 16
 54 23
 54 24
 54 41
 54 71
 54 72
 54 73
 54 74
 54 101
 54 105
 54 107
 55 1
 55 7
 55 9
 55 10
 55 13
 55 14
 55 15
 55 16
 55 23
 55 24
 55 41
 55 71
 55 72
 55 73
 55 74
 55 83
 55 84
 55 101
 55 105
 55 107
 56 1
 56 7
 56 8
 56 9
 56 10
 56 13
 56 14
 56 15
 56 16
 56 23
 56 24
 56 41
 56 71
 56 72
 56 73
 56 74
 56 83
 56 84
 56 101
 56 105
 56 107
 57 1
 57 7
 57 9
 57 10
 57 13
 57 14
 57 15
 57 16
 57 23
 57 24
 57 41
 57 71
 57 72
 57 73
 57 74
 57 101
 57 105
 57 107
 58 1
 58 7
 58 9
 58 10
 58 71
 58 72
 58 73
 58 74
 58 101
 58 105
 58 107
 58 117
 59 1
 59 7
 59 9
 59 10
 59 117
 60 3
 60 4
 60 6
 60 60
 61 2
 61 76
 62 1
 62 2
 62 3
 62 5
 62 8
 62 9
 62 76
 63 1
 63 2
 63 3
 63 5
 63 6
 63 8
 63 9
 63 71
 63 72
 63 73
 63 76
 64 1
 64 3
 64 4
 64 5
 64 6
 64 8
 64 9
 64 76
 65 1
 65 3
 65 4
 65 5
 65 8
 65 9
 65 76
 66 2
 66 3
 66 6
 66 9
 66 76
 67 2
 67 3
 67 4
 67 6
 67 9
 67 76
 68 2
 68 3
 68 4
 68 6
 68 9
 68 76
 69 1
 69 3
 69 4
 69 5
 69 6
 69 7
 69 9
 69 76
 70 1
 70 2
 70 3
 70 4
 70 5
 70 6
 70 7
 70 8
 70 9
 70 76
 71 2
 71 4
 71 6
 71 76
 72 2
 72 4
 72 6
 72 76
 73 2
 73 4
 73 6
 73 76
 74 2
 74 3
 74 4
 74 5
 74 6
 74 7
 74 9
 74 76
 75 1
 75 6
 75 7
 75 9
 75 76
 76 1
 76 3
 76 5
 76 6
 76 8
 76 9
 76 76
 77 1
 77 3
 77 5
 77 6
 77 8
 77 9
 77 76
 78 1
 78 2
 78 3
 78 4
 78 5
 78 6
 78 8
 78 9
 78 76
 78 78
 79 1
 79 2
 79 3
 79 4
 79 5
 79 6
 79 8
 79 9
 79 76
 80 1
 80 3
 80 5
 80 6
 80 8
 80 9
 80 76
 80 122
 81 1
 81 2
 81 3
 81 4
 81 5
 81 6
 81 8
 81 9
 81 68
 81 69
 81 71
 81 72
 81 73
 81 76
 81 79
 81 85
 81 86
 81 87
 81 88
 81 89
 81 90
 81 91
 81 101
 81 105
 81 107
 82 1
 82 2
 82 3
 82 4
 82 5
 82 6
 82 8
 82 9
 82 76
 82 86
 82 90
 82 91
 82 101
 82 122
 83 1
 83 2
 83 3
 83 5
 83 6
 83 8
 83 9
 83 68
 83 69
 83 71
 83 72
 83 73
 83 74
 83 76
 83 79
 83 122
 84 1
 84 2
 84 3
 84 5
 84 6
 84 8
 84 9
 84 68
 84 69
 84 71
 84 72
 84 73
 84 74
 84 76
 84 79
 84 122
 85 1
 85 2
 85 3
 85 5
 85 6
 85 8
 85 9
 85 68
 85 69
 85 71
 85 72
 85 73
 85 74
 85 76
 85 79
 85 85
 85 86
 85 87
 85 88
 85 89
 85 90
 85 91
 85 122
 86 1
 86 2
 86 3
 86 5
 86 6
 86 7
 86 8
 86 9
 86 68
 86 69
 86 71
 86 72
 86 73
 86 74
 86 76
 86 79
 86 85
 86 86
 86 87
 86 88
 86 89
 86 90
 86 91
 86 122
 87 1
 87 2
 87 3
 87 5
 87 6
 87 7
 87 8
 87 9
 87 68
 87 69
 87 71
 87 72
 87 73
 87 74
 87 76
 87 79
 87 85
 87 86
 87 87
 87 88
 87 89
 87 90
 87 91
 87 122
 88 1
 88 2
 88 3
 88 5
 88 6
 88 7
 88 8
 88 9
 88 68
 88 69
 88 71
 88 72
 88 73
 88 74
 88 76
 88 79
 88 85
 88 86
 88 87
 88 88
 88 89
 88 90
 88 91
 88 122
 89 1
 89 2
 89 3
 89 5
 89 6
 89 7
 89 8
 89 9
 89 68
 89 69
 89 71
 89 72
 89 73
 89 74
 89 76
 89 79
 89 85
 89 86
 89 87
 89 88
 89 89
 89 90
 89 91
 89 122
 90 1
 90 2
 90 3
 90 5
 90 6
 90 7
 90 8
 90 9
 90 68
 90 69
 90 71
 90 72
 90 73
 90 74
 90 76
 90 79
 90 85
 90 86
 90 87
 90 88
 90 89
 90 90
 90 91
 90 122
 91 1
 91 2
 91 3
 91 5
 91 6
 91 7
 91 8
 91 9
 91 68
 91 69
 91 71
 91 72
 91 73
 91 74
 91 76
 91 79
 91 85
 91 86
 91 87
 91 88
 91 89
 91 90
 91 91
 91 122
 92 1
 92 2
 92 3
 92 5
 92 6
 92 7
 92 8
 92 9
 92 68
 92 69
 92 71
 92 72
 92 73
 92 74
 92 76
 92 79
 92 85
 92 86
 92 87
 92 88
 92 89
 92 90
 92 91
 92 122
 93 1
 93 2
 93 3
 93 5
 93 6
 93 7
 93 8
 93 9
 93 68
 93 69
 93 71
 93 72
 93 73
 93 74
 93 76
 93 79
 93 85
 93 86
 93 87
 93 88
 93 89
 93 90
 93 91
 93 122
 94 1
 94 2
 94 3
 94 5
 94 6
 94 7
 94 8
 94 9
 94 68
 94 69
 94 71
 94 72
 94 73
 94 74
 94 76
 94 79
 94 85
 94 86
 94 87
 94 88
 94 89
 94 90
 94 91
 94 122
 95 1
 95 2
 95 3
 95 5
 95 6
 95 7
 95 8
 95 9
 95 68
 95 69
 95 71
 95 72
 95 73
 95 74
 95 76
 95 79
 95 85
 95 86
 95 87
 95 88
 95 89
 95 90
 95 91
 95 122
 96 1
 96 2
 96 3
 96 5
 96 6
 96 7
 96 8
 96 9
 96 68
 96 69
 96 71
 96 72
 96 73
 96 74
 96 76
 96 79
 96 85
 96 86
 96 87
 96 88
 96 89
 96 90
 96 91
 96 122
 97 1
 97 2
 97 3
 97 5
 97 6
 97 7
 97 8
 97 9
 97 68
 97 69
 97 71
 97 72
 97 73
 97 74
 97 76
 97 79
 97 85
 97 86
 97 87
 97 88
 97 89
 97 90
 97 91
 97 122
 98 1
 98 7
 98 9
 98 68
 98 69
 98 71
 98 72
 98 73
 98 74
 98 76
 98 79
 98 81
 98 83
 98 84
 98 85
 98 86
 98 87
 98 88
 98 89
 98 90
 98 91
 98 101
 98 105
 98 107
 98 122
 99 2
 99 3
 99 5
 99 6
 99 7
 99 9
 99 76
 99 85
 99 86
 99 87
 99 88
 99 89
 99 90
 99 91
 100 1
 100 2
 100 3
 100 5
 100 6
 100 7
 100 9
 100 68
 100 69
 100 71
 100 72
 100 73
 100 74
 100 76
 100 79
 100 85
 100 86
 100 87
 100 88
 100 89
 100 90
 100 91
 100 122
 101 1
 101 2
 101 3
 101 5
 101 6
 101 7
 101 9
 101 68
 101 69
 101 71
 101 72
 101 73
 101 74
 101 76
 101 79
 101 85
 101 86
 101 87
 101 88
 101 89
 101 90
 101 91
 101 122
 102 1
 102 2
 102 3
 102 5
 102 6
 102 7
 102 9
 102 68
 102 69
 102 71
 102 72
 102 73
 102 74
 102 76
 102 79
 102 85
 102 86
 102 87
 102 88
 102 89
 102 90
 102 91
 102 122
 103 1
 103 2
 103 3
 103 5
 103 6
 103 7
 103 9
 103 68
 103 69
 103 71
 103 72
 103 73
 103 74
 103 76
 103 79
 103 85
 103 86
 103 87
 103 88
 103 89
 103 90
 103 91
 103 122
 104 1
 104 2
 104 3
 104 5
 104 6
 104 7
 104 9
 104 68
 104 69
 104 71
 104 72
 104 73
 104 74
 104 76
 104 79
 104 85
 104 86
 104 87
 104 88
 104 89
 104 90
 104 91
 104 122
 105 1
 105 2
 105 3
 105 5
 105 6
 105 7
 105 9
 105 68
 105 69
 105 71
 105 72
 105 73
 105 74
 105 76
 105 79
 105 85
 105 86
 105 87
 105 88
 105 89
 105 90
 105 91
 105 122
 106 1
 106 2
 106 3
 106 5
 106 6
 106 7
 106 9
 106 68
 106 69
 106 71
 106 72
 106 73
 106 74
 106 76
 106 79
 106 85
 106 86
 106 87
 106 88
 106 89
 106 90
 106 91
 106 122
 107 1
 107 2
 107 3
 107 5
 107 6
 107 7
 107 9
 107 68
 107 69
 107 71
 107 72
 107 73
 107 74
 107 76
 107 79
 107 85
 107 86
 107 87
 107 88
 107 89
 107 90
 107 91
 107 122
 108 1
 108 2
 108 3
 108 5
 108 6
 108 7
 108 9
 108 68
 108 69
 108 71
 108 72
 108 73
 108 74
 108 76
 108 79
 108 85
 108 86
 108 87
 108 88
 108 89
 108 90
 108 91
 108 122
 109 1
 109 2
 109 3
 109 5
 109 6
 109 7
 109 9
 109 68
 109 69
 109 71
 109 72
 109 73
 109 74
 109 76
 109 79
 109 85
 109 86
 109 87
 109 88
 109 89
 109 90
 109 91
 109 122
 110 1
 110 2
 110 3
 110 5
 110 6
 110 7
 110 9
 110 76
 110 85
 110 86
 110 87
 110 88
 110 89
 110 90
 110 91
 111 1
 111 2
 111 3
 111 5
 111 6
 111 7
 111 9
 111 68
 111 69
 111 71
 111 72
 111 73
 111 74
 111 76
 111 79
 111 85
 111 86
 111 87
 111 88
 111 89
 111 90
 111 91
 111 122
 113 1
 113 2
 113 3
 113 5
 113 6
 113 8
 113 9
 113 116
 114 1
 114 2
 114 3
 114 5
 114 6
 114 8
 114 9
 115 1
 115 3
 115 5
 115 7
 115 9
 115 67
 115 68
 115 69
 115 71
 115 72
 115 73
 115 74
 115 79
 115 81
 115 82
 115 85
 115 86
 115 87
 115 88
 115 89
 115 90
 115 91
 115 101
 115 116
 116 2
 116 3
 116 4
 116 5
 116 6
 116 8
 116 9
 117 2
 117 3
 117 9
 118 1
 118 2
 118 3
 118 5
 118 6
 118 8
 118 9
 118 71
 118 72
 118 73
 118 74
 119 75
 119 111
 120 75
 120 111
 121 75
 121 111
 122 2
 122 6
 123 53
 123 62
 123 118
 124 53
 124 62
 124 118
 125 53
 125 62
 125 118
 126 53
 126 62
 126 118
 127 53
 127 62
 127 118
 128 53
 128 62
 128 118
 129 53
 129 62
 129 118
 130 53
 130 62
 130 118
 131 53
 131 62
 131 118
 132 53
 132 62
 132 118
 133 53
 133 62
 133 118
 134 53
 134 62
 134 118
 135 53
 135 62
 135 118
 136 53
 136 62
 136 118
 137 53
 137 62
 137 118
 138 53
 138 62
 138 118
 139 53
 139 62
 139 118
 140 53
 140 62
 140 118
 141 53
 141 62
 141 118
 142 53
 142 62
 142 118
 143 53
 143 62
 143 118
 144 53
 144 62
 144 118
 145 53
 145 62
 145 118
 146 53
 146 62
 146 118
 147 53
 147 62
 147 118
 148 12
 148 15
 148 16
 148 17
 148 18
 148 19
 148 20
 148 21
 148 22
 148 25
 148 26
 148 27
 148 28
 148 29
 148 30
 148 31
 148 32
 148 33
 148 34
 148 35
 148 36
 148 37
 148 38
 148 39
 148 40
 148 41
 149 12
 149 15
 149 16
 150 12
 150 15
 150 16
 150 17
 150 18
 150 19
 150 20
 150 21
 150 22
 150 25
 150 26
 150 27
 150 28
 150 29
 150 30
 150 31
 150 32
 150 33
 150 34
 150 35
 150 36
 150 37
 150 38
 150 39
 150 40
 150 41
 151 12
 151 15
 151 16
 152 12
 152 15
 152 16
 152 17
 152 18
 152 19
 152 20
 152 21
 152 22
 152 25
 152 26
 152 27
 152 28
 152 29
 152 30
 152 31
 152 32
 152 33
 152 34
 152 35
 152 36
 152 37
 152 38
 152 39
 152 40
 152 41
 153 12
 153 15
 153 16
 154 12
 154 15
 154 16
 154 17
 154 18
 154 19
 154 20
 154 21
 154 22
 154 25
 154 26
 154 27
 154 28
 154 29
 154 30
 154 31
 154 32
 154 33
 154 34
 154 35
 154 36
 154 37
 154 38
 154 39
 154 40
 154 41
 155 12
 155 15
 155 16
 155 17
 155 18
 155 19
 155 20
 155 21
 155 22
 155 25
 155 26
 155 27
 155 28
 155 29
 155 30
 155 31
 155 32
 155 33
 155 34
 155 35
 155 36
 155 37
 155 38
 155 39
 155 40
 155 41
 156 17
 157 12
 157 15
 157 16
 157 19
 157 20
 157 21
 157 22
 158 12
 158 15
 158 16
 158 19
 158 20
 158 21
 158 22
 159 12
 159 15
 159 16
 159 17
 159 18
 159 19
 159 20
 159 21
 159 22
 159 25
 159 26
 159 27
 159 28
 159 29
 159 30
 159 31
 159 32
 159 33
 159 34
 159 35
 159 36
 159 37
 159 38
 159 39
 159 40
 159 41
 160 12
 160 15
 160 16
 160 17
 160 18
 160 19
 160 20
 160 21
 160 22
 160 25
 160 26
 160 27
 160 28
 160 29
 160 30
 160 31
 160 32
 160 33
 160 34
 160 35
 160 36
 160 37
 160 38
 160 39
 160 40
 160 41
 161 12
 161 15
 161 16
 161 17
 161 18
 161 19
 161 20
 161 21
 161 22
 161 25
 161 26
 161 27
 161 28
 161 29
 161 30
 161 31
 161 32
 161 33
 161 34
 161 35
 161 36
 161 37
 161 38
 161 39
 161 40
 161 41
 162 12
 162 15
 162 16
 162 19
 162 20
 162 21
 162 22
 163 12
 163 15
 163 16
 163 19
 163 20
 163 21
 163 22
 164 12
 164 15
 164 16
 164 17
 164 18
 164 19
 164 20
 164 21
 164 22
 164 25
 164 26
 164 27
 164 28
 164 29
 164 30
 164 31
 164 32
 164 33
 164 34
 164 35
 164 36
 164 37
 164 38
 164 39
 164 40
 164 41
 165 12
 165 15
 165 16
 165 19
 165 20
 165 21
 165 22
 166 12
 166 15
 166 16
 166 19
 166 20
 166 21
 166 22
 167 12
 167 15
 167 16
 167 17
 167 18
 167 19
 167 20
 167 21
 167 22
 167 25
 167 26
 167 27
 167 28
 167 29
 167 30
 167 31
 167 32
 167 33
 167 34
 167 35
 167 36
 167 37
 167 38
 167 39
 167 40
 167 41
 168 12
 168 15
 168 16
 168 17
 168 18
 168 19
 168 20
 168 21
 168 22
 168 25
 168 26
 168 27
 168 28
 168 29
 168 30
 168 31
 168 32
 168 33
 168 34
 168 35
 168 36
 168 37
 168 38
 168 39
 168 40
 168 41
 169 12
 169 15
 169 16
 169 19
 169 20
 169 21
 169 22
 170 12
 170 15
 170 16
 170 17
 170 18
 170 19
 170 20
 170 21
 170 22
 170 25
 170 26
 170 27
 170 28
 170 29
 170 30
 170 31
 170 32
 170 33
 170 34
 170 35
 170 36
 170 37
 170 38
 170 39
 170 40
 170 41
 171 12
 171 15
 171 16
 171 17
 171 18
 171 19
 171 20
 171 21
 171 22
 171 25
 171 26
 171 27
 171 28
 171 29
 171 30
 171 31
 171 32
 171 33
 171 34
 171 35
 171 36
 171 37
 171 38
 171 39
 171 40
 171 41
 172 12
 172 15
 172 16
 172 19
 172 20
 172 21
 172 22
 173 12
 173 15
 173 16
 173 19
 173 20
 173 21
 173 22
 174 12
 174 15
 174 16
 174 17
 174 18
 174 19
 174 20
 174 21
 174 22
 174 25
 174 26
 174 27
 174 28
 174 29
 174 30
 174 31
 174 32
 174 33
 174 34
 174 35
 174 36
 174 37
 174 38
 174 39
 174 40
 174 41
 175 12
 175 15
 175 16
 175 17
 175 18
 175 19
 175 20
 175 21
 175 22
 175 25
 175 26
 175 27
 175 28
 175 29
 175 30
 175 31
 175 32
 175 33
 175 34
 175 35
 175 36
 175 37
 175 38
 175 39
 175 40
 175 41
 176 12
 176 15
 176 16
 176 17
 176 18
 176 19
 176 20
 176 21
 176 22
 177 12
 177 15
 177 16
 178 12
 178 15
 178 16
 178 17
 178 18
 178 19
 178 20
 178 21
 178 22
 179 12
 179 15
 179 16
 179 42
 179 43
 179 44
 179 45
 179 46
 179 47
 179 48
 179 49
 179 51
 179 52
 179 53
 180 12
 180 15
 180 16
 181 12
 181 15
 181 16
 181 19
 181 20
 181 21
 181 22
 181 42
 181 43
 181 44
 181 45
 181 46
 181 47
 181 48
 181 49
 181 51
 181 52
 181 53
 182 42
 182 43
 182 44
 182 45
 182 46
 182 47
 182 48
 182 49
 182 50
 182 51
 182 52
 182 53
 182 58
 182 59
 182 62
 182 63
 182 66
 182 70
 182 82
 182 92
 182 93
 182 94
 182 95
 182 96
 182 97
 182 98
 182 99
 182 100
 182 102
 182 103
 182 104
 182 105
 182 106
 182 107
 182 108
 182 109
 182 110
 182 112
 182 113
 182 114
 182 115
 182 119
 182 120
 182 121
