 0 39
 0 40
 0 41
 0 42
 0 43
 0 44
 4 3
 5 1
 7 1
 8 1
 9 1
 10 1
 14 1
 14 3
 14 11
 14 12
 14 13
 15 1
 15 3
 15 11
 15 14
 16 14
 16 15
 16 17
 16 21
 16 22
 16 23
 16 24
 16 29
 16 31
 16 35
 17 1
 17 2
 17 3
 17 4
 17 6
 17 8
 17 14
 17 15
 18 7
 18 14
 18 15
 18 17
 18 22
 18 35
 19 3
 19 4
 19 5
 19 6
 19 10
 19 14
 19 15
 19 30
 20 4
 20 6
 20 8
 20 9
 20 10
 20 14
 20 15
 20 17
 20 19
 20 25
 20 30
 21 10
 21 14
 21 15
 21 19
 21 30
 22 1
 22 3
 22 4
 22 5
 22 6
 22 9
 22 14
 22 15
 23 7
 23 14
 23 15
 23 17
 23 22
 23 35
 24 3
 24 6
 24 7
 24 9
 24 14
 24 15
 24 17
 24 31
 24 35
 25 2
 25 3
 25 4
 25 6
 25 9
 25 10
 25 14
 25 15
 25 19
 25 30
 26 3
 26 4
 26 5
 26 6
 26 10
 26 14
 26 15
 26 19
 26 30
 27 3
 27 4
 27 6
 27 8
 27 10
 27 14
 27 15
 27 19
 27 25
 27 30
 28 3
 28 4
 28 6
 28 9
 28 10
 28 14
 28 15
 28 19
 28 30
 29 7
 29 14
 29 15
 29 17
 29 22
 29 35
 30 4
 30 5
 30 6
 30 9
 31 8
 31 14
 31 15
 31 35
 32 14
 33 2
 33 3
 33 14
 33 15
 34 14
 34 15
 34 17
 34 21
 34 22
 34 23
 34 24
 34 29
 34 31
 34 35
 35 1
 35 2
 35 3
 35 14
 35 15
 36 1
 36 3
 36 14
 37 7
 37 14
 37 15
 37 17
 37 22
 37 35
 38 16
 38 21
 38 22
 38 24
 38 34
 39 2
 39 3
 39 4
 39 5
 39 6
 39 7
 39 8
 39 24
 39 28
 39 38
 40 2
 40 9
 40 10
 40 21
 40 22
 40 24
 40 25
 40 26
 40 28
 41 2
 41 17
 41 19
 41 20
 41 21
 41 22
 41 25
 41 27
 41 29
 41 33
 41 38
 42 18
 42 22
 42 23
 43 23
 43 36
 44 16
 44 17
 44 18
 44 22
 44 23
 44 29
 44 32
 44 33
 44 34
 44 36
 44 37
