 0 43
 0 44
 0 45
 0 46
 0 47
 0 48
 1 2
 1 3
 1 8
 1 13
 1 14
 1 29
 1 33
 1 34
 2 2
 2 3
 2 13
 2 14
 2 29
 2 33
 2 34
 3 3
 3 8
 3 13
 3 16
 3 22
 3 23
 3 24
 3 25
 3 26
 3 27
 3 29
 3 33
 3 34
 4 5
 4 7
 4 36
 5 5
 5 7
 5 36
 6 10
 6 16
 6 18
 6 21
 6 22
 6 23
 6 24
 6 25
 6 26
 6 27
 6 28
 6 34
 7 10
 7 24
 7 34
 7 42
 8 10
 8 11
 8 17
 8 28
 8 37
 8 39
 8 40
 10 11
 10 16
 10 17
 10 24
 10 28
 10 37
 10 40
 11 40
 12 20
 12 24
 12 27
 13 21
 14 10
 14 16
 14 18
 14 20
 14 21
 14 22
 14 23
 14 24
 14 25
 14 26
 14 27
 14 28
 14 34
 15 11
 15 16
 15 20
 15 21
 15 27
 16 11
 16 20
 16 21
 16 26
 16 27
 16 39
 16 40
 17 41
 19 38
 19 41
 20 11
 20 28
 20 39
 21 39
 21 40
 22 28
 22 38
 22 39
 22 40
 22 41
 23 28
 23 39
 24 39
 25 19
 25 23
 25 39
 26 17
 26 19
 26 21
 26 23
 26 28
 26 38
 26 39
 27 11
 27 28
 28 41
 29 10
 29 16
 29 30
 29 34
 29 37
 29 42
 31 37
 32 30
 32 34
 32 37
 33 10
 33 16
 33 17
 33 21
 33 25
 33 26
 33 27
 33 28
 33 34
 33 37
 34 10
 34 16
 34 21
 34 25
 34 26
 34 27
 34 28
 34 37
 35 16
 35 21
 35 25
 35 26
 35 28
 35 37
 36 20
 36 22
 36 23
 36 24
 36 25
 36 26
 36 27
 36 35
 43 6
 43 9
 43 10
 43 12
 43 15
 43 16
 43 17
 43 42
 44 6
 44 9
 44 10
 44 12
 44 15
 44 16
 44 31
 44 32
 44 42
 45 3
 45 22
 45 23
 46 2
 46 6
 46 8
 46 9
 46 13
 46 14
 46 22
 46 25
 46 26
 46 27
 46 29
 46 33
 46 35
 47 3
 47 4
 47 5
 47 7
 47 21
 47 34
 47 36
 48 1
 48 2
 48 5
 48 6
 48 8
 48 10
 48 13
 48 14
 48 16
 48 22
 48 23
 48 25
 48 29
 48 30
 48 33
