1 2
1 3
1 4
1 5
1 6
1 7
1 8
1 9
1 10
1 11
1 12
1 13
1 14
1 15
1 16
1 17
1 18
1 19
1 20
1 21
1 22
1 23
1 24
1 25
1 26
1 27
1 28
1 29
1 30
1 31
1 32
1 33
1 34
1 35
1 36
1 37
1 38
1 39
1 40
1 41
1 42
1 43
1 44
1 45
1 46
1 47
1 48
1 49
1 50
1 51
1 52
1 53
1 54
1 55
1 56
1 57
1 58
1 59
1 60
1 61
1 62
1 63
1 64
1 65
1 66
1 67
1 68
1 69
1 70
1 71
1 72
1 73
1 74
1 75
1 76
1 77
1 78
1 79
1 80
1 81
1 82
1 83
1 84
1 85
1 86
1 87
1 88
1 89
1 90
1 91
1 92
1 93
1 94
1 95
1 96
1 97
1 98
1 99
1 100
1 101
1 102
1 103
1 104
1 105
1 106
1 107
1 108
1 109
1 110
1 111
1 112
1 113
1 114
1 115
1 116
1 117
1 118
1 119
1 120
1 121
1 122
1 123
1 124
1 125
1 126
1 127
1 128
1 129
1 130
1 131
1 132
1 133
1 134
1 135
1 136
1 137
1 138
1 139
1 140
1 141
1 142
1 143
1 144
1 145
1 146
1 147
1 148
1 149
1 150
1 151
1 152
1 153
1 154
1 155
1 156
1 157
1 158
1 159
1 160
1 161
1 162
1 163
1 164
1 165
1 166
1 167
1 168
1 169
1 170
1 171
1 172
1 173
1 174
1 175
1 176
1 177
1 178
1 179
1 180
1 181
1 182
1 183
1 184
1 185
1 186
1 187
1 188
1 189
1 190
1 191
1 192
1 193
2 355
2 62
2 8
2 4
2 10
2 6
2 358
2 7
2 309
2 22
2 1506
2 119
2 5
2 216
2 9
2 380
2 525
2 365
2 359
2 202
2 215
2 199
2 224
2 220
2 250
2 265
2 180
2 69
2 372
2 373
2 317
2 544
2 1507
2 374
2 378
2 1508
2 695
2 385
2 1509
2 381
2 583
2 1510
2 308
2 1511
2 102
2 633
2 387
2 1512
2 392
2 672
2 1513
2 1025
2 702
2 740
2 1514
2 1515
2 1516
2 772
2 787
2 150
2 1517
2 862
2 885
2 1518
3 1064
3 119
3 10
3 356
3 357
3 4
3 2088
3 2769
3 361
3 90
3 325
3 1371
3 2770
3 529
3 224
3 220
3 8
3 536
3 1372
3 1370
3 370
3 1001
3 995
3 1913
3 372
3 373
3 374
3 2091
3 378
3 382
3 304
3 2092
3 246
3 1528
3 387
3 308
3 781
3 102
3 1008
3 69
3 388
3 1921
3 647
3 2767
3 1611
3 2771
3 688
3 2772
3 1405
3 1561
3 1032
3 2773
3 403
3 767
3 772
3 405
3 906
3 936
3 401
3 313
4 363
4 6
4 62
4 90
4 5
4 216
4 309
4 10
4 174
4 11
4 7
4 12
4 357
4 9
4 517
4 518
4 519
4 520
4 521
4 522
4 304
4 430
4 361
4 22
4 523
4 524
4 48
4 525
4 365
4 526
4 527
4 528
4 529
4 530
4 202
4 26
4 119
4 203
4 29
4 261
4 224
4 31
4 239
4 220
4 244
4 271
4 531
4 532
4 533
4 107
4 534
4 535
4 536
4 537
4 538
4 288
4 180
4 41
4 539
4 370
4 264
4 540
4 46
4 47
4 487
4 69
4 51
4 52
4 469
4 541
4 542
4 543
4 83
4 372
4 373
4 544
4 545
4 546
4 547
4 374
4 548
4 549
4 167
4 60
4 61
4 550
4 551
4 378
4 552
4 553
4 554
4 555
4 556
4 557
4 382
4 558
4 559
4 560
4 561
4 562
4 563
4 564
4 565
4 74
4 75
4 246
4 566
4 567
4 568
4 569
4 570
4 571
4 572
4 385
4 381
4 573
4 574
4 575
4 576
4 78
4 577
4 578
4 579
4 580
4 581
4 582
4 583
4 584
4 585
4 586
4 587
4 588
4 589
4 80
4 590
4 53
4 82
4 591
4 592
4 593
4 594
4 595
4 596
4 597
4 598
4 599
4 600
4 601
4 602
4 603
4 604
4 605
4 606
4 607
4 608
4 308
4 388
4 609
4 610
4 257
4 611
4 612
4 613
4 614
4 390
4 615
4 92
4 94
4 616
4 617
4 618
4 96
4 619
4 620
4 621
4 98
4 622
4 623
4 102
4 624
4 625
4 626
4 627
4 628
4 629
4 105
4 106
4 630
4 631
4 632
4 633
4 634
4 635
4 636
4 637
4 109
4 638
4 639
4 640
4 641
4 642
4 643
4 644
4 112
4 645
4 646
4 647
4 648
4 649
4 650
4 651
4 652
4 653
4 113
4 654
4 297
4 655
4 76
4 392
4 656
4 268
4 657
4 115
4 658
4 659
4 660
4 661
4 662
4 663
4 664
4 665
4 666
4 667
4 156
4 668
4 669
4 670
4 116
4 671
4 672
4 298
4 673
4 674
4 675
4 676
4 677
4 678
4 679
4 680
4 681
4 682
4 24
4 683
4 684
4 685
4 686
4 687
4 688
4 689
4 690
4 691
4 692
4 693
4 694
4 695
4 696
4 697
4 698
4 699
4 122
4 700
4 701
4 702
4 703
4 704
4 705
4 706
4 707
4 123
4 708
4 709
4 710
4 711
4 403
4 169
4 712
4 713
4 714
4 715
4 127
4 716
4 717
4 128
4 718
4 719
4 720
4 300
4 721
4 722
4 723
4 724
4 725
4 131
4 404
4 726
4 727
4 728
4 729
4 301
4 730
4 302
4 731
4 732
4 733
4 734
4 735
4 736
4 737
4 133
4 738
4 739
4 740
4 741
4 148
4 742
4 743
4 744
4 136
4 745
4 746
4 747
4 748
4 749
4 750
4 751
4 752
4 753
4 754
4 755
4 756
4 757
4 758
4 759
4 760
4 761
4 762
4 763
4 764
4 765
4 766
4 767
4 768
4 769
4 770
4 771
4 772
4 773
4 774
4 775
4 776
4 777
4 778
4 779
4 780
4 781
4 782
4 783
4 784
4 785
4 786
4 787
4 788
4 146
4 789
4 790
4 791
4 792
4 793
4 149
4 794
4 150
4 795
4 796
4 797
4 798
4 799
4 800
4 801
4 802
4 803
4 804
4 805
4 806
4 807
4 808
4 809
4 810
4 811
4 812
4 813
4 814
4 153
4 815
4 816
4 817
4 818
4 819
4 820
4 821
4 822
4 823
4 154
4 824
4 825
4 826
4 827
4 828
4 829
4 830
4 831
4 832
4 833
4 834
4 835
4 836
4 837
4 838
4 839
4 840
4 841
4 842
4 843
4 844
4 845
4 846
4 847
4 848
4 849
4 850
4 851
4 852
4 853
4 854
4 855
4 163
4 162
4 856
4 857
4 306
4 858
4 859
4 860
4 861
4 862
4 863
4 864
4 865
4 866
4 867
4 868
4 869
4 870
4 164
4 871
4 872
4 873
4 168
4 874
4 875
4 876
4 877
4 878
4 879
4 880
4 881
4 882
4 883
4 884
4 885
4 886
4 887
4 888
4 889
4 890
4 891
4 892
4 893
4 894
4 895
4 896
4 897
4 898
4 899
4 900
4 901
4 902
4 903
4 904
4 905
4 906
4 907
4 908
4 909
4 910
4 911
4 912
4 913
4 914
4 915
4 916
4 917
4 918
4 919
4 920
4 921
4 922
4 923
4 924
4 925
4 926
4 927
4 928
4 929
4 930
4 931
4 932
4 933
4 934
4 935
4 936
4 937
4 938
4 939
4 940
4 941
4 942
4 943
4 944
4 945
4 946
4 947
4 948
4 949
4 950
4 951
4 952
4 953
4 954
4 955
4 956
4 957
4 310
4 958
4 959
4 960
4 961
4 962
4 963
4 964
4 965
4 966
4 967
4 968
4 969
4 970
4 971
4 972
4 973
4 974
4 975
4 976
4 977
4 978
4 979
4 980
4 981
4 982
4 311
4 983
4 312
4 984
4 985
4 986
4 987
4 988
4 989
4 990
5 354
5 355
5 62
5 356
5 357
5 358
5 7
5 359
5 360
5 9
5 361
5 22
5 234
5 362
5 216
5 363
5 364
5 365
5 366
5 367
5 8
5 24
5 368
5 202
5 119
5 200
5 199
5 224
5 174
5 369
5 370
5 69
5 371
5 372
5 373
5 374
5 180
5 375
5 376
5 377
5 378
5 379
5 380
5 381
5 382
5 383
5 246
5 384
5 385
5 386
5 387
5 388
5 389
5 390
5 391
5 392
5 393
5 394
5 395
5 396
5 397
5 398
5 304
5 399
5 400
5 401
5 402
5 403
5 404
5 405
6 355
6 216
6 62
6 487
6 357
6 8
6 358
6 1072
6 468
6 7
6 518
6 119
6 359
6 469
6 1159
6 17
6 1160
6 361
6 1161
6 90
6 22
6 1162
6 365
6 1163
6 69
6 380
6 525
6 212
6 1164
6 202
6 9
6 1165
6 210
6 29
6 199
6 1166
6 328
6 239
6 323
6 224
6 220
6 244
6 321
6 1167
6 217
6 522
6 1168
6 1169
6 1170
6 535
6 174
6 536
6 538
6 329
6 1171
6 68
6 251
6 1172
6 370
6 1173
6 315
6 320
6 1174
6 1175
6 47
6 180
6 1176
6 541
6 1177
6 1178
6 55
6 1179
6 543
6 1180
6 33
6 1181
6 372
6 373
6 1182
6 1183
6 502
6 591
6 547
6 374
6 1184
6 666
6 460
6 1185
6 1186
6 647
6 1187
6 1188
6 1189
6 1190
6 574
6 1191
6 75
6 1192
6 566
6 1193
6 356
6 1194
6 1195
6 387
6 1196
6 1197
6 381
6 1198
6 1199
6 1200
6 1201
6 579
6 600
6 580
6 1202
6 555
6 842
6 73
6 584
6 1203
6 1204
6 1205
6 1206
6 617
6 1047
6 1207
6 1208
6 1209
6 1210
6 1211
6 1212
6 1213
6 1214
6 1215
6 1216
6 601
6 1217
6 1218
6 388
6 1219
6 1220
6 1221
6 1222
6 1223
6 1224
6 1225
6 618
6 96
6 621
6 1226
6 1227
6 1228
6 1229
6 1230
6 625
6 1231
6 106
6 1232
6 1233
6 1234
6 1235
6 1236
6 1237
6 1238
6 1239
6 110
6 665
6 639
6 1240
6 1241
6 1242
6 1243
6 1244
6 1245
6 485
6 651
6 655
6 1246
6 1247
6 1248
6 1249
6 1250
6 1251
6 662
6 1252
6 1253
6 846
6 1254
6 1255
6 1256
6 696
6 698
6 1257
6 703
6 1258
6 707
6 711
6 403
6 1259
6 1260
6 1261
6 1262
6 1263
6 173
6 128
6 300
6 1264
6 721
6 1265
6 1266
6 1267
6 1268
6 732
6 1269
6 801
6 1270
6 1271
6 1272
6 742
6 1273
6 334
6 1274
6 1275
6 1276
6 143
6 1277
6 1278
6 1279
6 1280
6 1281
6 1282
6 1283
6 1284
6 148
6 743
6 1285
6 327
6 1286
6 1287
6 140
6 772
6 1288
6 141
6 1289
6 1290
6 505
6 420
6 786
6 145
6 1291
6 1292
6 839
6 1293
6 1294
6 1295
6 791
6 792
6 1296
6 1297
6 1298
6 1299
6 1300
6 1301
6 1302
6 797
6 1303
6 1304
6 1305
6 1306
6 1307
6 1308
6 1309
6 824
6 825
6 942
6 1310
6 1311
6 1312
6 1313
6 1314
6 1315
6 1316
6 1317
6 1318
6 1319
6 735
6 834
6 305
6 836
6 1320
6 1321
6 1322
6 843
6 1323
6 1324
6 1325
6 1326
6 1327
6 1328
6 1329
6 1330
6 1331
6 1332
6 1333
6 1334
6 1335
6 900
6 178
6 1336
6 905
6 1337
6 35
6 906
6 1338
6 182
6 912
6 913
6 1339
6 1340
6 1341
6 1342
6 1343
6 1344
6 921
6 922
6 246
6 1345
6 935
6 1346
6 1347
6 1348
6 941
6 1349
6 1350
6 602
6 1158
6 1351
6 1352
6 1353
6 1354
6 1355
6 1356
6 1357
6 1358
6 1359
6 1360
6 1361
6 1362
6 595
6 986
6 1363
6 1364
7 338
7 355
7 62
7 90
7 221
7 10
7 356
7 487
7 216
7 357
7 358
7 1073
7 289
7 8
7 15
7 347
7 241
7 574
7 16
7 2301
7 519
7 1126
7 97
7 1451
7 361
7 22
7 2302
7 1500
7 469
7 1407
7 366
7 525
7 365
7 1062
7 995
7 24
7 1964
7 197
7 202
7 1379
7 9
7 329
7 261
7 199
7 2303
7 2304
7 238
7 228
7 194
7 323
7 224
7 271
7 243
7 282
7 1172
7 2292
7 447
7 286
7 217
7 534
7 174
7 2305
7 2033
7 2306
7 2307
7 2276
7 220
7 1097
7 2308
7 591
7 370
7 119
7 2309
7 2036
7 2310
7 251
7 1120
7 274
7 1177
7 1175
7 47
7 2311
7 180
7 69
7 50
7 501
7 1176
7 541
7 1178
7 344
7 1405
7 2170
7 2312
7 2313
7 1825
7 543
7 558
7 1418
7 1180
7 372
7 373
7 2314
7 266
7 348
7 1829
7 1830
7 545
7 1835
7 546
7 513
7 1183
7 1002
7 2315
7 1156
7 2316
7 2317
7 374
7 1066
7 167
7 550
7 2318
7 245
7 233
7 1752
7 102
7 553
7 1059
7 1365
7 381
7 1473
7 933
7 382
7 2319
7 2187
7 741
7 1093
7 2320
7 1369
7 1733
7 564
7 74
7 1168
7 246
7 2321
7 2032
7 378
7 570
7 678
7 695
7 1791
7 1740
7 387
7 2322
7 2155
7 2323
7 1353
7 77
7 1638
7 1201
7 579
7 580
7 2114
7 544
7 1901
7 605
7 1204
7 1486
7 1510
7 590
7 2324
7 1916
7 595
7 2325
7 596
7 1185
7 2326
7 2327
7 960
7 1211
7 1736
7 2328
7 2329
7 2175
7 1214
7 2330
7 1842
7 68
7 2176
7 1789
7 2331
7 1591
7 603
7 2332
7 505
7 1753
7 1218
7 2251
7 187
7 606
7 607
7 2333
7 388
7 1219
7 2334
7 1589
7 1221
7 2335
7 611
7 169
7 1765
7 783
7 390
7 2336
7 1758
7 2337
7 618
7 96
7 2338
7 2339
7 620
7 2340
7 1226
7 2085
7 2341
7 100
7 2342
7 1229
7 2343
7 1230
7 625
7 772
7 2344
7 2345
7 2346
7 2347
7 2348
7 2349
7 2350
7 1236
7 656
7 637
7 638
7 111
7 2351
7 2108
7 2263
7 2352
7 112
7 1241
7 2353
7 645
7 1242
7 1243
7 2354
7 2355
7 1239
7 1637
7 1766
7 2356
7 655
7 1246
7 392
7 115
7 1249
7 659
7 281
7 1210
7 2357
7 1252
7 2111
7 2112
7 663
7 1216
7 156
7 507
7 1781
7 1767
7 672
7 1255
7 2358
7 2359
7 2360
7 1973
7 2159
7 2361
7 686
7 2362
7 2363
7 2364
7 2365
7 1567
7 1537
7 2366
7 1930
7 2367
7 707
7 2368
7 711
7 403
7 2250
7 2369
7 2370
7 126
7 132
7 1264
7 1278
7 2371
7 2372
7 2373
7 2374
7 723
7 1269
7 727
7 1271
7 2375
7 742
7 1273
7 2376
7 731
7 1275
7 2377
7 1276
7 2378
7 143
7 1279
7 1280
7 735
7 2379
7 2269
7 1315
7 2380
7 739
7 740
7 2381
7 2382
7 1950
7 2383
7 745
7 746
7 1514
7 2384
7 751
7 732
7 753
7 2385
7 2257
7 758
7 696
7 1286
7 1287
7 137
7 765
7 2386
7 2387
7 768
7 769
7 774
7 891
7 2388
7 2389
7 2390
7 2391
7 2392
7 2393
7 2394
7 2395
7 2396
7 2397
7 2398
7 2399
7 1859
7 2400
7 2401
7 2402
7 2403
7 2404
7 1957
7 2405
7 144
7 1913
7 145
7 2406
7 788
7 2407
7 2408
7 2409
7 2410
7 2411
7 1297
7 1298
7 2412
7 152
7 800
7 806
7 818
7 822
7 2413
7 2414
7 2415
7 1517
7 1308
7 2416
7 825
7 1804
7 2417
7 1314
7 1316
7 829
7 830
7 831
7 1240
7 2418
7 834
7 2419
7 2420
7 2421
7 2422
7 2423
7 1322
7 839
7 1354
7 840
7 1324
7 2424
7 2425
7 2426
7 1155
7 2427
7 2428
7 2429
7 1326
7 2430
7 161
7 1327
7 2431
7 1328
7 2432
7 2433
7 2434
7 306
7 1329
7 2435
7 2436
7 871
7 2437
7 511
7 2438
7 2439
7 2440
7 2441
7 2442
7 1332
7 2443
7 1334
7 880
7 884
7 2444
7 1903
7 2445
7 2446
7 2447
7 175
7 2448
7 2449
7 2450
7 2451
7 2452
7 2453
7 2454
7 899
7 2455
7 2456
7 902
7 887
7 905
7 2457
7 906
7 1959
7 1776
7 1941
7 913
7 1343
7 2458
7 2459
7 2460
7 619
7 133
7 928
7 185
7 190
7 935
7 2461
7 2462
7 1306
7 1347
7 2463
7 1779
7 2464
7 1355
7 2465
7 2466
7 2467
7 2468
7 2469
7 944
7 945
7 2470
7 2471
7 2472
7 2473
7 1362
7 2474
7 2475
7 2476
7 2477
7 980
7 311
7 986
7 2478
8 216
8 355
8 309
8 10
8 12
8 358
8 2088
8 521
8 361
8 22
8 380
8 2089
8 525
8 9
8 359
8 24
8 368
8 526
8 529
8 202
8 119
8 199
8 224
8 220
8 243
8 217
8 1590
8 2090
8 174
8 536
8 239
8 370
8 200
8 1913
8 372
8 373
8 544
8 1183
8 374
8 167
8 59
8 2091
8 588
8 378
8 404
8 1485
8 1187
8 382
8 304
8 2092
8 563
8 1838
8 356
8 695
8 385
8 381
8 2093
8 583
8 584
8 1840
8 2094
8 2095
8 308
8 609
8 1763
8 390
8 246
8 102
8 772
8 105
8 2096
8 2097
8 388
8 387
8 1921
8 111
8 506
8 1512
8 392
8 906
8 1399
8 1846
8 668
8 670
8 1025
8 675
8 688
8 401
8 2098
8 403
8 1278
8 2099
8 2100
8 509
8 767
8 510
8 2101
8 1401
8 508
8 936
8 1348
8 970
8 313
9 221
9 355
9 62
9 10
9 12
9 357
9 358
9 521
9 216
9 361
9 90
9 22
9 380
9 525
9 1602
9 359
9 24
9 368
9 996
9 213
9 304
9 119
9 199
9 224
9 220
9 217
9 174
9 536
9 38
9 234
9 356
9 407
9 1911
9 1760
9 69
9 1912
9 1913
9 373
9 374
9 549
9 180
9 167
9 378
9 382
9 1816
9 246
9 552
9 695
9 1528
9 387
9 381
9 573
9 365
9 580
9 1914
9 1386
9 483
9 1915
9 1916
9 601
9 738
9 308
9 388
9 1917
9 1918
9 390
9 1919
9 102
9 1230
9 772
9 1920
9 76
9 202
9 637
9 1921
9 642
9 1244
9 1922
9 392
9 1923
9 1399
9 1268
9 1924
9 1255
9 118
9 1014
9 1025
9 1925
9 675
9 1926
9 454
9 1549
9 1927
9 1928
9 1929
9 1562
9 1628
9 1566
9 1930
9 1258
9 1931
9 403
9 193
9 339
9 725
9 1932
9 728
9 1933
9 767
9 1934
9 405
9 1935
9 794
9 796
9 940
9 1936
9 1937
9 848
9 160
9 1938
9 98
9 1939
9 932
9 965
9 881
9 1940
9 893
9 906
9 1941
9 930
9 1942
9 1943
9 1944
9 1945
9 1946
9 1947
9 938
9 1778
9 1948
9 975
9 823
9 1949
9 1950
9 1951
9 986
9 1952
9 987
9 790
9 1953
9 1954
10 1523
11 232
11 195
11 233
11 234
12 216
13 487
15 2088
16 2088
17 2088
18 338
19 1160
20 1107
20 998
20 2177
20 2173
20 2174
20 360
20 1911
20 530
22 62
22 289
22 290
22 232
22 291
22 292
22 293
22 294
22 99
22 295
22 296
22 119
22 108
22 297
22 156
22 224
22 298
22 299
22 300
22 301
22 302
22 303
22 304
22 199
22 305
22 306
22 174
22 307
22 308
22 309
22 310
22 311
22 312
22 313
23 2506
24 1064
24 451
24 234
24 216
24 692
24 2566
24 104
25 217
27 218
29 2511
31 2516
31 2037
31 1128
31 1126
31 1523
31 2044
31 2587
31 1781
31 505
31 2399
31 2710
32 2292
32 2693
32 2527
35 282
35 2549
41 224
47 2536
47 631
47 641
47 2533
48 2186
48 234
48 360
48 2187
48 2188
48 554
48 2189
48 2078
48 2190
48 2191
48 326
48 2192
48 2193
48 2194
48 2195
48 2196
49 487
54 1167
54 1126
55 2546
55 1299
55 119
55 2547
57 199
62 1489
62 1419
62 1484
62 204
62 462
62 431
62 1057
62 1439
62 1058
62 1426
62 1441
62 1433
62 1452
62 1445
62 1440
62 1490
62 1483
62 515
62 514
62 1482
62 1456
62 1105
62 1491
62 1481
62 1447
62 1416
62 1492
62 1493
62 1494
62 1488
62 1495
62 365
62 1496
62 1487
62 1497
62 69
63 1381
63 1114
63 1523
63 996
63 1064
63 195
63 2925
64 356
68 2262
69 1407
69 2617
69 119
69 309
69 167
69 776
69 1838
69 2618
69 576
69 1199
69 585
69 2553
69 1840
69 1762
69 2619
69 390
69 2620
69 2621
69 355
69 1238
69 646
69 2622
69 2623
69 846
69 1609
69 2089
69 2624
69 2625
69 2626
69 801
69 733
69 2380
69 1950
69 751
69 2548
69 111
69 2627
69 773
69 2628
69 2397
69 2537
69 732
69 2629
69 2630
69 845
69 2424
69 1587
69 851
69 2631
69 1774
69 2426
69 335
69 2244
69 2632
69 868
69 2633
69 2634
69 875
69 343
69 2635
69 154
69 898
69 2636
69 2637
69 904
69 2638
69 2639
69 1776
70 1167
70 1523
70 2709
70 2030
70 2400
71 224
72 451
79 605
80 1267
83 1462
83 1337
84 358
87 361
89 420
89 1825
90 497
90 1998
90 1999
90 2000
90 1837
90 2001
90 2002
90 119
90 2003
90 2004
90 97
90 2005
90 2006
90 2007
90 2008
90 2009
90 2010
90 2011
90 1786
90 2012
90 2013
90 2014
90 2015
90 2016
90 2017
90 2018
90 2019
90 2020
90 2021
90 1448
90 2022
95 323
96 2937
96 304
96 1381
96 1126
96 1823
97 2713
97 1523
97 2266
97 2714
97 1163
97 2715
97 2716
97 2717
97 2718
97 2031
97 2719
97 2720
97 2721
97 2722
97 2723
100 776
102 536
102 216
102 2724
105 119
107 2277
111 119
111 2509
111 1401
111 953
114 119
115 647
115 906
119 355
119 358
119 2347
119 215
119 216
119 200
119 199
119 174
119 1173
119 269
119 413
119 1048
119 220
119 1485
119 1187
119 1838
119 381
119 309
119 584
119 1534
119 167
119 1763
119 390
119 2088
119 589
119 2541
119 1921
119 392
119 521
119 359
119 698
119 2542
119 224
119 404
119 2289
119 1272
119 2101
119 1401
119 2543
119 2544
119 310
119 2545
120 1768
120 1792
120 1791
120 2978
126 180
130 2009
130 2655
133 1243
133 2897
134 487
138 2346
139 251
142 2388
147 174
148 521
154 357
155 441
155 355
155 1464
155 437
155 1000
155 445
155 444
155 443
155 1467
155 1466
155 459
155 490
155 1470
155 1063
155 446
155 1465
155 1639
155 1640
155 1641
155 1642
155 1643
155 1471
155 1644
155 1645
155 1646
155 1647
155 1648
155 1649
155 1650
155 1651
155 1652
155 1653
155 1654
155 1655
155 1656
155 1657
155 1658
155 1659
155 1660
155 1661
155 1662
155 1663
155 1664
155 1665
155 488
155 1666
155 1667
155 1668
155 1469
155 439
155 1669
155 1670
155 1671
155 1672
155 1673
155 1674
155 1675
155 1676
155 1677
155 1678
155 1679
155 1680
155 1681
155 1682
155 1683
155 1684
155 1685
155 1686
155 1687
155 1688
155 1689
155 1690
155 1691
155 1692
155 1693
155 1694
155 1695
155 1696
155 1697
155 1698
155 1699
155 1700
155 1701
155 1702
155 1703
155 1704
155 1705
155 1706
155 1707
155 1708
155 1709
155 1710
155 1711
155 1712
155 1713
155 1714
155 1715
155 1716
155 1717
155 1718
155 1719
155 1720
155 1721
155 1722
155 1723
155 513
155 1724
155 1725
155 438
155 1726
155 1727
155 1468
155 442
155 1728
155 1729
155 1052
155 1730
155 1731
155 1732
158 2462
158 370
159 1163
167 1220
167 2116
167 1243
167 1254
167 1449
167 593
167 2915
167 858
167 873
167 1247
171 220
172 670
174 356
174 2008
174 361
174 2004
174 2014
174 1786
174 2002
174 2891
174 2892
174 2006
174 2893
174 2018
174 1231
174 2012
174 2013
174 2009
174 2273
174 330
174 2019
174 710
174 2016
174 2655
174 2015
174 2011
174 2010
174 2005
174 2007
174 2017
174 859
174 2894
179 1767
180 1172
180 216
180 309
180 1454
180 1760
180 304
180 1178
180 600
180 1160
180 1761
180 592
180 1762
180 1763
180 1764
180 1765
180 1225
180 647
180 1766
180 1767
180 1768
180 763
180 1769
180 1770
180 1771
180 835
180 1772
180 1773
180 1774
180 1775
180 910
180 1776
180 1363
180 1777
180 1778
180 1779
180 1780
180 982
180 988
181 1216
188 2346
192 525
194 195
195 1064
195 1065
195 469
195 451
195 365
195 1066
195 1067
196 197
197 1149
197 2481
197 2611
197 1124
197 319
198 199
198 200
199 205
199 224
199 272
199 248
199 314
199 200
199 491
199 492
199 493
199 494
199 495
200 205
200 272
200 248
200 1811
201 202
202 304
202 221
202 226
202 409
202 231
202 227
202 410
202 411
202 412
202 225
202 413
202 414
202 415
202 416
202 417
202 408
202 254
202 418
202 419
202 220
203 204
204 220
204 1160
204 1219
204 1417
204 1418
205 206
205 207
205 208
207 1456
209 210
210 271
210 1620
210 1621
210 428
210 1622
210 1623
210 228
211 212
212 1583
212 365
212 1584
212 225
212 1585
212 1586
212 1587
212 806
214 215
215 329
215 270
215 330
215 331
215 332
215 333
215 334
215 335
216 356
216 361
216 292
216 365
216 380
216 525
216 359
216 368
216 1782
216 224
216 1823
216 1824
216 370
216 1825
216 372
216 373
216 420
216 1826
216 1827
216 1828
216 1829
216 1830
216 1831
216 1832
216 1833
216 1834
216 1835
216 374
216 1836
216 1175
216 378
216 1837
216 1838
216 695
216 385
216 381
216 1839
216 583
216 1840
216 1841
216 1842
216 387
216 388
216 1763
216 390
216 772
216 1843
216 1844
216 1845
216 1846
216 1177
216 1847
216 675
216 1402
216 404
216 1848
216 1849
216 1850
216 1851
216 1852
216 1853
216 1854
216 1855
216 1856
216 1857
216 1858
216 1859
216 1860
216 1861
216 1862
216 1863
216 1864
216 1865
216 1866
216 1867
216 1868
216 1869
216 1870
216 1871
216 1401
216 970
216 1872
216 1873
216 1874
216 1875
216 1876
216 1877
216 1878
217 304
217 357
217 2483
217 536
219 220
219 221
219 222
220 1806
220 287
220 2847
220 516
220 258
220 2649
220 1174
220 2312
220 382
220 2249
220 1160
220 1840
220 2848
220 2095
220 2261
220 2849
220 1921
220 1071
220 2727
220 2506
220 724
220 2725
220 2850
220 2851
220 2852
220 2853
220 926
220 2854
220 2634
220 2855
220 2856
220 2645
220 2857
221 1149
221 337
221 1150
221 249
221 413
221 222
221 1151
221 1152
221 1153
221 339
221 1154
221 1155
221 866
223 224
224 270
224 263
224 345
224 406
224 420
224 421
224 422
224 423
224 281
224 424
224 425
224 426
224 427
229 230
230 2304
232 1064
232 451
232 234
232 291
232 1402
232 1403
233 2516
233 587
233 1058
234 1381
234 363
234 365
234 1405
234 354
234 289
234 992
234 1371
234 359
234 1525
234 380
234 498
234 1372
234 1526
234 1370
234 362
234 1066
234 1485
234 1365
234 1527
234 366
234 1528
234 1529
234 1530
234 1531
234 1532
234 583
234 1533
234 1534
234 542
234 1535
234 525
234 1536
234 1001
234 1537
234 1538
234 1388
234 1539
234 1540
234 1541
234 1542
234 1543
234 1544
234 1012
234 675
234 1545
234 1546
234 1547
234 1548
234 1549
234 1550
234 1021
234 1551
234 1552
234 1553
234 1554
234 1555
234 686
234 1556
234 1557
234 1558
234 1119
234 688
234 1559
234 1560
234 1561
234 1562
234 1563
234 1564
234 1565
234 1566
234 1567
235 236
236 525
236 1064
236 451
236 1026
236 1615
236 2820
236 2821
237 238
237 239
238 239
239 411
239 502
239 503
239 504
239 505
239 506
239 507
239 508
239 509
239 510
239 511
240 241
241 1068
241 469
241 1812
241 1813
241 1814
241 477
241 1815
241 1816
241 1078
241 1817
241 482
241 1079
241 1818
241 1819
241 1820
241 1082
241 1081
241 1821
241 1090
241 1822
241 1095
242 243
243 250
243 256
243 257
244 245
244 246
244 247
246 374
247 525
251 252
251 253
251 254
251 255
253 2306
255 2033
256 1057
256 284
258 259
258 260
261 262
261 263
261 264
261 265
261 266
261 267
261 268
262 1577
266 348
266 349
266 350
266 351
266 352
266 353
272 273
273 355
274 275
274 276
274 277
274 278
274 279
274 280
275 1983
275 2785
275 2786
275 2787
275 2788
276 1393
276 448
276 1910
277 2790
278 2791
279 2789
280 2131
281 282
281 283
282 316
285 286
286 483
286 484
286 485
289 1064
289 1177
289 1119
289 451
292 1177
295 578
296 2309
299 1231
300 361
303 374
304 360
304 1064
304 521
304 992
304 997
304 377
304 451
304 401
304 1736
304 2745
304 2223
304 677
304 1026
304 2095
304 1603
308 387
308 2288
308 2289
309 358
309 361
309 1175
309 356
309 1251
309 1399
309 403
309 1400
309 1401
313 858
313 388
313 3015
314 315
316 320
317 318
322 323
323 1460
323 1461
323 540
323 1750
323 640
323 2725
324 325
324 326
325 464
325 365
325 363
325 360
325 997
325 1619
325 1598
325 1528
325 1001
325 1117
325 1986
327 328
328 1121
328 1414
328 2990
328 2991
335 372
335 2450
336 337
337 338
337 342
337 343
338 339
340 341
341 347
341 457
341 458
346 347
347 467
347 468
347 469
347 470
347 471
347 472
347 473
347 474
347 475
347 476
347 477
347 478
347 479
347 480
347 481
348 1601
348 1955
348 1404
348 2932
348 644
348 1200
348 2933
348 2934
348 2935
348 2936
349 2903
349 1439
349 1167
349 2904
349 1597
349 2499
349 351
349 2905
349 2906
349 2907
349 2908
351 1416
352 1601
354 998
354 2177
354 363
354 2225
354 364
354 1119
355 465
355 434
355 435
355 466
356 2874
356 2649
356 1173
356 378
356 2549
356 2249
356 596
356 599
356 2875
356 1511
356 1229
356 2261
356 1234
356 2441
356 1253
356 2540
356 2046
356 709
356 2861
356 2726
356 2666
356 2876
356 1934
356 1596
356 2877
356 2878
356 2254
356 2262
356 811
356 2420
356 2431
356 2451
356 2463
356 847
356 1777
356 2879
356 954
356 2880
356 2856
357 2247
357 2147
357 401
357 2279
357 536
357 1913
357 2091
357 1581
357 2092
357 1752
357 2280
357 2281
357 1534
357 608
357 521
357 2282
357 2283
357 1405
357 2116
357 1067
357 2068
357 1025
357 2152
357 2284
357 2250
357 1263
357 1932
357 2115
357 749
357 2285
357 2286
357 1773
358 1068
358 718
359 1163
359 2225
359 1064
359 363
359 1526
359 2564
359 1167
359 1164
359 677
359 1527
359 1828
359 2168
359 2136
359 2076
359 2565
359 2566
359 2567
359 2568
359 2569
359 609
359 2156
359 2570
359 1248
359 1389
359 2571
359 2055
359 2165
359 2079
359 1928
359 2572
359 2573
359 451
359 2574
359 2575
359 1289
359 2576
359 1044
359 782
359 2577
359 2578
359 2579
359 2580
359 2581
359 1041
359 2582
359 1618
360 1107
360 1911
360 448
360 1096
360 2172
360 2157
360 554
360 1393
360 1065
360 1061
360 1405
360 2173
360 2174
360 2175
360 2176
360 1001
360 995
360 2177
360 1556
361 2667
361 756
361 2668
361 2669
362 451
362 368
362 452
362 453
362 454
363 451
363 991
363 992
363 364
363 993
363 994
363 367
363 995
363 996
363 526
363 529
363 997
363 998
363 999
363 1000
363 1001
363 1002
363 587
363 1003
363 528
363 1004
363 554
363 1005
363 1006
363 1007
363 1008
363 1009
363 687
363 1010
363 1011
363 1012
363 1013
363 1014
363 1015
363 1016
363 1017
363 1018
363 1019
363 1020
363 1021
363 1022
363 1023
363 1024
363 680
363 683
363 1025
363 1026
363 1027
363 688
363 1028
363 1029
363 1030
363 1031
363 1032
363 1033
363 1034
363 1035
363 728
363 1036
363 1037
363 1038
363 1039
363 1040
363 1041
364 366
364 998
364 1119
364 406
364 1098
364 1018
364 1100
364 1632
365 1370
365 1526
365 1001
365 677
365 1591
365 1592
365 1588
365 1593
365 1536
365 374
365 1594
365 1595
366 2148
366 448
366 1603
366 2754
366 2755
366 2064
366 2209
366 2756
366 1910
366 1065
366 1116
366 2757
366 1736
366 2169
366 2166
366 2758
366 1537
366 2069
366 2759
367 368
367 1379
367 1380
368 1382
368 1064
368 991
368 2147
368 692
368 469
368 451
368 2148
368 528
368 1002
368 1003
368 1005
368 1532
368 1513
368 2149
368 2150
368 2068
368 1024
368 2151
368 2152
368 402
368 1016
370 2550
370 1047
370 2316
370 1516
370 836
370 559
370 1323
370 1305
370 2551
370 870
371 1050
372 2046
372 856
372 1260
372 974
373 1194
373 2552
373 2553
373 2554
373 2555
373 2556
373 2557
373 1788
373 2558
373 2559
373 2560
373 803
373 2561
374 1604
374 1957
374 949
374 1958
374 907
374 1959
374 1960
376 377
378 2248
378 2562
378 2563
378 931
378 2422
379 1633
380 2215
380 1064
380 1740
380 1976
380 2216
380 1387
380 2217
380 2218
381 1187
381 2243
381 2244
381 2245
381 868
382 1524
383 1625
383 1634
384 1791
384 1792
384 1793
384 1794
384 1795
384 1796
384 1028
384 1797
384 1798
384 1799
384 1800
384 694
385 387
387 2772
388 781
388 1763
388 1399
388 675
388 1193
388 2101
388 2930
388 970
390 494
390 2654
391 2135
392 2666
393 1011
393 2749
394 2221
394 2222
401 1602
401 521
412 1888
412 1893
414 1807
415 431
417 1168
420 1156
420 1825
420 1177
420 1893
420 421
420 1880
420 1894
420 1174
420 1895
422 1375
423 1433
429 430
430 1075
431 1453
431 1172
431 1454
431 1455
432 433
433 497
433 2229
433 2230
433 2231
434 435
435 1051
436 437
437 439
437 440
447 448
447 449
447 450
448 1393
448 461
448 1624
451 497
451 1064
451 1405
451 1381
451 1602
451 996
451 1603
451 551
451 1604
451 1605
451 583
451 1007
451 609
451 1606
451 1607
451 1608
451 1067
451 1609
451 1610
451 1611
451 675
451 1612
451 1613
451 652
451 1025
451 1614
451 1615
451 1616
451 1617
451 1618
452 1379
453 525
454 1636
455 456
456 464
456 1008
456 1001
461 462
463 464
464 1519
464 1505
464 1368
464 1520
464 1521
467 1091
467 1092
467 1093
467 1094
467 1095
468 1073
468 1082
468 1081
469 2140
469 2516
469 1619
469 1374
469 2918
469 1985
469 2325
469 2586
469 2674
469 1781
469 2032
469 2341
469 2217
469 2919
469 1540
469 1795
469 1093
469 2055
469 2070
469 2358
469 2920
469 1256
469 2921
469 2922
469 2071
469 2137
469 2600
469 2045
469 2364
469 2923
469 2924
469 2925
469 2926
469 2871
469 2845
469 891
469 2388
469 2927
469 2688
469 2928
469 501
469 2690
469 2691
469 2929
469 2466
473 486
475 1816
477 1993
477 1994
477 1995
477 1992
477 1089
487 557
487 570
487 2619
487 1223
487 2623
487 2909
487 2387
487 790
487 2910
487 1313
487 1319
487 2622
487 856
487 875
487 879
487 2895
487 2638
487 1776
487 2879
487 1355
487 1780
488 489
493 1457
496 497
496 498
497 1064
497 1580
497 2023
497 2024
497 2025
497 2026
498 1101
498 1624
498 1054
498 1580
498 1122
498 1625
498 1103
498 1102
498 1626
498 1627
498 1104
498 1628
499 500
499 501
500 1126
503 695
505 2612
505 1167
508 670
512 513
513 1053
514 515
515 1483
517 1070
517 1071
517 1072
520 1074
520 1075
520 1069
520 1070
520 1076
520 1077
520 1072
520 1078
520 1079
520 1080
520 1081
520 1082
520 1083
520 1084
520 1085
520 1086
521 2875
521 2346
521 2067
521 1376
521 2900
521 1210
521 1326
521 2899
522 2510
522 536
524 1911
524 2120
525 2870
525 2303
525 533
525 2092
525 1919
525 2282
525 2541
525 2149
525 2760
525 1562
525 2871
525 2846
525 2872
525 1277
525 1935
525 1936
525 2873
525 837
525 1518
525 2436
526 1064
526 2106
527 2732
528 2078
528 1382
529 2809
530 1965
530 2127
530 2128
530 2129
533 2997
533 2998
533 2700
533 2999
533 3000
533 3001
533 3002
533 3003
533 587
533 2711
534 1590
535 547
536 2110
536 1759
536 1216
536 733
536 815
536 2545
538 1238
538 2514
539 591
539 1285
542 1982
542 1374
542 2160
542 2182
542 1981
542 2940
542 2837
542 2941
542 1012
542 2751
542 679
542 2814
542 2753
542 2752
542 2813
542 1378
543 2858
543 2859
543 2860
543 1233
543 1512
543 2046
543 2861
543 2862
543 2373
543 2438
543 759
543 1770
543 1317
543 840
543 1339
543 1324
544 1827
544 1830
544 1167
544 1839
544 1845
544 1848
544 1860
544 1863
544 1876
544 2696
544 1875
545 1833
545 1167
545 1828
549 1426
549 1336
549 2983
549 2890
549 2984
549 1952
550 2652
554 2181
554 999
554 2182
554 2183
554 2184
554 1023
554 1376
554 2185
554 1033
555 647
555 2322
555 2529
555 2530
555 2531
560 1189
565 2881
565 2882
565 2883
565 2614
565 2884
565 2615
565 2605
565 2513
565 2885
567 1439
568 2032
571 2656
571 2156
571 2119
571 2121
571 2122
571 2657
571 2124
571 2126
571 2658
571 2659
571 2660
571 1039
572 678
572 1533
572 3012
574 1071
574 2985
574 2479
574 810
575 1198
575 2546
575 1302
575 1154
575 2630
575 2856
579 2663
579 2664
579 724
579 2665
579 771
579 2514
579 810
580 581
582 2616
583 1064
583 2792
583 2793
585 1203
586 2480
587 779
587 1042
587 1043
587 1044
587 1045
587 1046
587 783
589 1782
589 2404
589 2524
589 2525
589 2526
589 2528
591 1288
591 786
595 1049
600 2252
600 1924
600 2253
600 2254
600 1261
600 2255
600 2256
600 2257
600 2258
600 2259
600 2260
604 2538
609 1064
613 1447
626 772
634 2887
635 1236
635 1252
638 1166
640 1460
647 1291
647 2545
652 1801
652 2166
652 1064
654 2727
655 2890
667 1064
671 1268
673 1011
673 2833
674 1064
675 1064
676 3014
676 2973
677 1050
677 2228
683 1164
683 2133
685 2817
686 2960
686 1064
688 2779
690 2712
691 1636
695 1605
695 2615
700 1257
703 1345
705 2553
716 1433
722 1460
737 1266
748 1451
750 2911
752 1296
764 1456
766 1456
767 1189
772 2607
772 919
772 918
775 2326
776 2913
776 2339
776 2914
778 2388
779 2702
779 2709
779 1901
780 1782
780 2035
781 2028
781 2608
781 2609
782 2646
782 2647
782 2648
783 2661
783 2662
784 1126
793 2374
798 1950
799 2405
806 1426
844 1178
851 1161
865 1303
867 1164
868 2618
868 1999
875 2629
888 1433
890 2255
890 2347
923 1160
926 2912
972 1509
972 1774
983 2454
990 1782
991 2782
991 1384
992 2732
992 1977
992 1988
992 2733
992 1754
992 2734
992 2735
992 2736
992 2737
992 2738
992 2739
992 2740
992 2741
992 2742
992 2743
992 2744
993 2959
994 1164
995 1371
995 2770
995 2754
995 2170
996 1064
996 2766
996 2279
997 1475
997 1476
997 1477
997 1478
997 1479
998 1096
998 1097
998 1098
998 1099
998 1004
998 1100
999 1164
999 1376
999 1377
999 1378
1001 1568
1001 1459
1001 1004
1001 1060
1001 1569
1001 1570
1001 1504
1001 1571
1001 1572
1001 1008
1001 1573
1001 1574
1001 1521
1001 1575
1001 1576
1005 1914
1005 2172
1005 2153
1005 1016
1006 2132
1007 1064
1007 2095
1007 2223
1007 2224
1011 2134
1014 1527
1014 2125
1015 1025
1017 1967
1017 2138
1017 2143
1017 2146
1019 2157
1019 2220
1020 2168
1022 1928
1025 1064
1026 1603
1027 1527
1028 2784
1031 1617
1034 1527
1035 2070
1035 1527
1042 3004
1042 1130
1042 1147
1044 1752
1045 1752
1046 1126
1046 1130
1047 1048
1047 1049
1054 1055
1056 1057
1056 1058
1057 1420
1057 1421
1057 1428
1057 1432
1058 1415
1061 1062
1062 2157
1062 1736
1062 2133
1064 1405
1064 1381
1064 1602
1064 1603
1064 1604
1064 1605
1064 1540
1064 1399
1064 1067
1064 1609
1064 1610
1064 1611
1064 2070
1064 1554
1064 2071
1064 2772
1065 1393
1065 1503
1066 1125
1067 2624
1070 1073
1071 1159
1071 1093
1071 2532
1072 1073
1072 1084
1072 2034
1072 2485
1072 2486
1072 2487
1072 1080
1072 2488
1072 2489
1072 1821
1072 1077
1072 2490
1072 2491
1072 1086
1072 2492
1073 1091
1073 2485
1073 2902
1073 1429
1073 2491
1075 1087
1075 1817
1084 2917
1087 1088
1096 1120
1100 1119
1105 1106
1106 1624
1107 1108
1107 1109
1107 1110
1107 1111
1107 1112
1107 1113
1107 1114
1107 1115
1107 1116
1111 1116
1111 1119
1112 1119
1112 2158
1113 1117
1113 1118
1114 2201
1114 2177
1114 1523
1114 2841
1116 2806
1116 2807
1117 2143
1120 1163
1122 1123
1126 1127
1126 1128
1126 1129
1126 1130
1126 1131
1126 1132
1126 1133
1126 1134
1126 1135
1126 1136
1126 1137
1126 1138
1126 1139
1126 1140
1126 1141
1126 1142
1126 1143
1126 1144
1126 1145
1126 1146
1126 1147
1126 1148
1127 2564
1128 1846
1128 1138
1130 1131
1130 2038
1130 2039
1130 2040
1130 1136
1130 2041
1130 2042
1135 2264
1144 2564
1150 2033
1156 1157
1157 1167
1157 1603
1157 2496
1162 2547
1163 2302
1163 1500
1163 2594
1163 2595
1163 2596
1163 1985
1163 2597
1163 2598
1163 1987
1163 2360
1163 2599
1163 2600
1163 1564
1163 2601
1163 2159
1163 2339
1163 2576
1163 2388
1164 1188
1164 1756
1164 2596
1164 2074
1164 1757
1164 2597
1164 1990
1164 2341
1164 2443
1164 2232
1164 2602
1164 2603
1164 2601
1164 2604
1164 2605
1164 2388
1164 2576
1164 2606
1166 1748
1166 1577
1166 2107
1167 2292
1167 1824
1167 1834
1167 1480
1167 2319
1167 1962
1167 2585
1167 2586
1167 2587
1167 2588
1167 2539
1167 2589
1167 2270
1167 2290
1167 2576
1167 2590
1167 2391
1167 2393
1167 2591
1167 2592
1167 2593
1167 2401
1167 2272
1168 1961
1170 1963
1173 2085
1174 1887
1174 1825
1174 1879
1174 1880
1174 1888
1174 2086
1174 1881
1174 1882
1174 1826
1174 1884
1174 1883
1174 1217
1174 2087
1176 1579
1177 1823
1177 1825
1177 1827
1177 1828
1177 1831
1177 1829
1177 1832
1177 1835
1177 1836
1177 1901
1177 1843
1177 1834
1177 1847
1177 1849
1177 1850
1177 1853
1177 1902
1177 1855
1177 1857
1177 1866
1177 1869
1177 1870
1177 1871
1177 1903
1177 1876
1177 1904
1178 2287
1183 1235
1184 1804
1185 2311
1185 2372
1185 2518
1187 1761
1187 2842
1187 2843
1187 1318
1187 2844
1188 1502
1188 1527
1189 1582
1193 1838
1201 2889
1203 2370
1206 1523
1210 2494
1213 1590
1215 1977
1216 1787
1229 2273
1229 2274
1229 2275
1233 2726
1233 2989
1236 1954
1237 2346
1239 1606
1240 2650
1240 2631
1241 1783
1241 1784
1252 1268
1253 2347
1253 1489
1256 2738
1265 2305
1289 2583
1289 2584
1290 1901
1315 2727
1317 2726
1331 2435
1356 1523
1365 1366
1365 1367
1366 2155
1367 2604
1370 1371
1370 1372
1370 1373
1370 1374
1372 2808
1374 2339
1374 2963
1374 2598
1374 1987
1374 2363
1374 2964
1374 2815
1374 2811
1374 2032
1376 2812
1376 2813
1377 2209
1379 1393
1379 1394
1379 1395
1379 1396
1379 1397
1379 1398
1381 1382
1381 1383
1381 1384
1381 1385
1381 1386
1381 1387
1381 1388
1381 1389
1381 1390
1381 1391
1381 1392
1382 2972
1382 1484
1382 1419
1384 2148
1384 2818
1384 2819
1386 2148
1386 2961
1386 3011
1389 1603
1391 2148
1391 2949
1393 1529
1393 1984
1393 2920
1397 1991
1397 1802
1397 1996
1397 1997
1398 2109
1399 2066
1399 1526
1402 2780
1405 1406
1405 1407
1405 1408
1405 1409
1405 1410
1405 1411
1405 1412
1405 1413
1406 2077
1406 2178
1406 2179
1406 2180
1408 1790
1408 1409
1408 2207
1408 2208
1409 2205
1409 2206
1411 2968
1411 2942
1417 1426
1418 1426
1419 1420
1419 1421
1419 1422
1419 1423
1419 1424
1419 1425
1426 1427
1426 1428
1426 1429
1426 1430
1426 1431
1433 1434
1433 1435
1433 1436
1433 1437
1433 1438
1441 1442
1441 1443
1441 1444
1445 1446
1447 1448
1447 1449
1447 1450
1447 1451
1456 1457
1456 1458
1460 1461
1460 1462
1460 1463
1472 1473
1472 1474
1473 2517
1474 1581
1475 2050
1476 2051
1477 2049
1479 2048
1479 2047
1484 1485
1485 2148
1489 1498
1494 1501
1495 1499
1502 1503
1509 2931
1512 1784
1519 2210
1519 1976
1519 2234
1519 1794
1519 2052
1519 2235
1519 2236
1519 2237
1519 2238
1519 2239
1522 1523
1523 1578
1523 2886
1523 1756
1523 2901
1523 2728
1523 1577
1523 2270
1523 1749
1523 2986
1523 2969
1523 2729
1523 2874
1524 1803
1526 2079
1526 2080
1526 2081
1527 2117
1527 2118
1527 2119
1527 2120
1527 2121
1527 2122
1527 2123
1527 2124
1527 2125
1527 2126
1528 1631
1530 2188
1530 2136
1530 1627
1530 2760
1531 1735
1535 1789
1536 1629
1536 1630
1537 2783
1538 1635
1538 1636
1539 2136
1545 2136
1546 2136
1547 2167
1547 2168
1547 2169
1552 2159
1558 1564
1564 2024
1565 1603
1567 3008
1570 1805
1571 2137
1577 1578
1583 2061
1583 3009
1583 3010
1588 1589
1590 2507
1590 2090
1590 2094
1590 2508
1598 1599
1600 1601
1601 2278
1601 1955
1601 2498
1602 2065
1602 2347
1602 2792
1602 2965
1602 2771
1602 2834
1602 2966
1602 2073
1602 2967
1603 2065
1603 2064
1603 1607
1603 2066
1603 2067
1603 2068
1603 2069
1603 2070
1603 1613
1603 2071
1603 2072
1603 2073
1603 1618
1604 2831
1608 2566
1610 2089
1611 2767
1611 2072
1611 2774
1611 2773
1624 1738
1651 2731
1733 1734
1736 1737
1738 1739
1738 1740
1738 1741
1738 1742
1738 1743
1738 1744
1738 1745
1738 1746
1738 1747
1739 1754
1740 2796
1740 2749
1740 2797
1740 2233
1740 2750
1740 2798
1740 2799
1740 2800
1740 2801
1740 2802
1740 2803
1740 2804
1740 2805
1747 1920
1751 1752
1752 2248
1752 1782
1752 2679
1752 2501
1752 2680
1752 2577
1752 2681
1752 2673
1752 2271
1752 2591
1752 2682
1752 2672
1752 2683
1752 2331
1752 1902
1752 2684
1752 2685
1752 2686
1752 2687
1752 2436
1755 1756
1756 2512
1756 2513
1756 2284
1758 1759
1763 2982
1776 2419
1780 1998
1781 1782
1782 2332
1782 1831
1782 1833
1782 2676
1782 2653
1782 1859
1783 2514
1785 1786
1787 1788
1791 2055
1791 2052
1791 2062
1791 3009
1794 2210
1795 2045
1796 2210
1796 2211
1796 2212
1796 2213
1796 2214
1806 1807
1806 1808
1806 1809
1806 1810
1817 1818
1823 2037
1823 1842
1823 2102
1823 1906
1823 2103
1823 2104
1823 1865
1823 1868
1823 1864
1823 2105
1824 1844
1825 1879
1825 1880
1825 1881
1825 1882
1825 1883
1825 1884
1825 1885
1825 1886
1825 1887
1827 1829
1827 1896
1827 1897
1827 1861
1827 1898
1827 1865
1827 1899
1827 1900
1828 1892
1828 1829
1828 1897
1828 1856
1828 2698
1828 1907
1829 1891
1829 1849
1829 1853
1829 1906
1829 1873
1829 1907
1829 1908
1830 1891
1830 1836
1832 1905
1833 2697
1835 2695
1836 2102
1837 2027
1837 2028
1837 2029
1837 2030
1838 2898
1845 2218
1846 2091
1846 2564
1855 2696
1864 1876
1873 2699
1874 2697
1876 1908
1884 1890
1888 1889
1901 2520
1901 2521
1901 2522
1901 2403
1901 2523
1901 2524
1901 2525
1901 2526
1901 2527
1901 2528
1901 2300
1909 1910
1910 2761
1910 2762
1910 2219
1910 2763
1910 2764
1910 2765
1911 2201
1911 2118
1911 2202
1911 2125
1911 2203
1914 2153
1914 2961
1920 2822
1926 2142
1926 2775
1926 2776
1926 2777
1926 2778
1926 2140
1928 3013
1929 2325
1950 2258
1955 1956
1964 1965
1964 1966
1964 1967
1964 1968
1964 1969
1964 1970
1964 1971
1964 1972
1964 1973
1964 1974
1967 2144
1967 2138
1967 2145
1967 2146
1970 2055
1973 2810
1975 1976
1976 2082
1976 2083
1976 2084
1977 1978
1977 1979
1977 1980
1980 2712
1982 1983
1984 1985
1985 2568
1989 1990
1997 2748
1998 2618
1998 2869
1999 2618
1999 2867
1999 2868
2004 2276
2014 2916
2018 2276
2019 2276
2025 2954
2027 2044
2035 2248
2043 2044
2044 2678
2046 2730
2052 2053
2052 2054
2055 2056
2055 2057
2055 2058
2055 2059
2055 2060
2055 2061
2055 2062
2055 2063
2056 2832
2069 2767
2069 2957
2069 2232
2069 2980
2070 2836
2074 2075
2074 2076
2076 2817
2079 2207
2088 2301
2089 2347
2094 2640
2100 2938
2101 2938
2106 2756
2113 2114
2117 2756
2123 2657
2130 2131
2132 2209
2133 2157
2136 2971
2136 2781
2136 2151
2138 2139
2138 2140
2138 2141
2138 2142
2138 2143
2140 2746
2140 2976
2147 2172
2148 2215
2148 2945
2148 2946
2148 2818
2148 2947
2148 2948
2148 2949
2154 2155
2156 2157
2157 2240
2157 2241
2157 2164
2157 2242
2158 2173
2160 2161
2160 2162
2160 2163
2161 2209
2161 2571
2164 2165
2165 2241
2168 2656
2168 2189
2168 2192
2168 2193
2168 2952
2168 2226
2168 2195
2168 2953
2169 2187
2170 2171
2172 2204
2173 2197
2173 2198
2173 2199
2173 2200
2175 2497
2181 2209
2185 2571
2187 2226
2187 2190
2197 2565
2198 2783
2199 2757
2209 2943
2209 2944
2209 2812
2210 2227
2210 2795
2210 2794
2210 2823
2210 2824
2210 2825
2210 2826
2210 2827
2210 2828
2210 2829
2210 2830
2212 2979
2215 2981
2215 2819
2223 2955
2223 2224
2223 2956
2225 2809
2225 2806
2230 2252
2232 2233
2246 2247
2247 2846
2248 2500
2248 2502
2248 2503
2248 2504
2248 2505
2265 2266
2265 2267
2265 2268
2266 2339
2270 2271
2270 2272
2289 2372
2290 2291
2292 2293
2292 2294
2292 2295
2292 2296
2292 2297
2292 2298
2292 2299
2292 2300
2293 2515
2293 2610
2293 2294
2294 2519
2303 2863
2304 2480
2319 2675
2319 2703
2319 2704
2319 2705
2325 2838
2325 2839
2325 2840
2326 2495
2331 2505
2332 2670
2332 2539
2332 2688
2332 2689
2332 2671
2332 2690
2332 2691
2339 2715
2339 2651
2339 2719
2339 2994
2341 2914
2359 2835
2360 2962
2373 2613
2388 2641
2388 2642
2388 2643
2388 2644
2390 2567
2393 2706
2393 2707
2393 2708
2399 2593
2480 2481
2480 2482
2480 2483
2481 2484
2493 2494
2493 2495
2500 2501
2513 2569
2516 2676
2516 2692
2533 2534
2533 2535
2538 2539
2539 2706
2541 2939
2555 2987
2555 2988
2559 2888
2562 2618
2564 2701
2565 2950
2569 2882
2569 2883
2569 2896
2578 2677
2581 2694
2594 2757
2604 2974
2604 2975
2618 2864
2618 2865
2618 2866
2628 2993
2643 2995
2670 2671
2713 3005
2726 2858
2746 2747
2757 2950
2759 2951
2767 2768
2778 3006
2815 2816
2817 2977
2894 2996
2938 2992
2957 2958
2960 2970
2963 3007
